55,9
17,8
18,1272
18,1271
18,1270
18,1257
18,1256
18,1255
18,1254
18,1253
18,1252
18,1251
18,1238
18,1237
18,1236
18,1235
18,1234
18,1233
18,1232
18,1221
18,1220
18,1219
18,1218
18,1217
18,1216
18,1215
18,1199
18,1198
18,1197
18,1196
18,1181
18,1180
18,1179
18,1178
18,1120
18,406
18,405
18,404
18,403
18,106
18,90
18,89
18,87
18,86
18,85
18,50
18,49
18,48
18,47
18,46
18,45
18,44
18,41
18,38
18,26
18,25
18,24
18,23
18,20
18,6
18,4
18,3
18,2
18,0
17,364
17,358
17,354
17,353
17,352
17,351
17,350
17,349
17,348
17,347
17,346
17,345
17,344
17,343
17,342
17,341
17,340
17,339
17,338
17,337
17,336
17,335
17,334
17,333
17,332
17,331
17,330
17,329
17,328
17,327
17,326
17,325
17,324
17,322
17,320
17,319
17,316
17,315
17,298
17,297
17,256
17,255
17,232
17,230
17,229
17,228
17,227
17,226
17,225
17,224
17,223
17,222
17,221
17,220
17,219
17,218
17,217
17,216
17,215
17,214
17,213
17,212
17,211
17,210
17,209
17,208
17,207
17,206
17,205
17,204
17,203
17,202
17,201
17,200
17,199
17,198
17,197
17,196
17,195
17,194
17,193
17,192
17,11
17,5
17,4
17,3
17,2
17,0
9,3
5,11
5,8
5,6
5,5
5,3
5,2
5,0
4,3
18,1273
18,1274
18,1282
18,1284
18,1285
18,1289
18,1290
18,1292
18,1294
18,1347
18,1348
18,1350
18,1351
18,1365
18,1366
18,1368
18,1411
18,1412
18,1414
18,1415
18,1429
18,1431
18,1432
18,1442
18,1462
18,1463
18,1465
18,1467
18,1468
18,1498
18,1518
18,1519
18,1521
18,1522
18,1525
18,1527
18,1528
18,1530
18,1614
18,1616
18,1637
18,1640
18,1642
18,1643
18,1728
18,2446
18,2491
18,3982
18,3983
18,3986
18,4095
18,4117
19,0
19,2
19,6
19,7
19,19
19,36
19,107
19,472
19,644
19,670
19,671
19,673
19,674
19,676
19,677
19,679
19,681
19,682
19,684
33,1
33,3
33,5
48,2
48,3
48,5
50,1
50,2
50,4
50,5
55,2
55,3
55,5
18,1560
18,1562
18,1564
18,1566
18,1568
18,1569
18,1571
18,1572
18,1574
18,1576
18,1577
18,1579
18,1580
18,1582
18,1583
18,1585
18,1587
18,1588
18,1590
18,1591
18,1593
18,1595
18,1596
18,1598
18,1599
18,1601
18,1602
18,1604
18,1606
18,1607
18,1609
18,1610
18,1612
18,1621
18,1622
18,1624
18,1625
18,1627
18,1629
18,1630
18,1632
18,1633
18,1645
18,1646
18,1648
18,1650
18,1651
18,1653
18,1654
18,1656
18,1658
18,1659
18,1661
18,1662
18,1729
18,1730
18,1732
18,1734
18,1735
18,1737
18,1738
18,1740
18,1742
18,1743
18,1745
18,1746
18,1748
18,1749
18,1751
18,1753
18,1754
18,1756
18,1757
18,1759
18,1761
18,1762
18,1764
18,1765
18,1767
18,1768
18,1770
18,1772
18,1773
18,1775
18,1776
18,1778
18,1780
18,1781
18,1783
18,1784
18,1786
18,1788
18,1789
18,1791
18,1792
18,1794
18,1795
18,1797
18,1799
18,1800
18,1802
18,1803
18,1805
18,1820
18,1821
18,1823
18,1824
18,1826
18,1827
18,1829
18,1831
18,1832
18,1834
18,1835
18,1837
18,1839
18,1840
18,1842
18,1843
18,1845
18,1846
18,1848
18,1850
18,1851
18,1853
18,1854
18,1856
18,1858
18,1859
18,1861
18,1862
18,1864
18,1866
18,1867
18,1869
18,1870
18,1872
18,1873
18,1875
18,1877
18,1878
18,1880
18,1881
18,1883
18,1885
18,1886
18,1888
18,1889
18,1891
18,1892
18,1894
18,1896
18,1897
18,1899
18,1900
18,1902
18,1904
18,1905
18,2051
18,2052
18,2054
18,2055
18,2079
18,2107
18,2108
18,2110
18,2111
18,2178
18,2180
18,2181
18,2183
18,2184
18,2186
19,4
19,217
19,221
19,222
19,224
19,225
19,227
19,229
19,230
19,232
19,233
19,235
19,237
19,238
19,240
19,241
19,243
19,244
19,246
19,248
19,249
19,594
19,10
17,7
17,258
17,259
17,261
17,262
17,264
17,265
17,267
17,269
17,270
17,272
17,273
17,275
17,277
17,278
17,280
17,281
17,283
17,284
17,286
17,288
17,289
17,291
17,292
17,294
17,231
17,233
17,235
17,236
17,238
17,240
17,241
17,243
17,244
17,249
17,250
17,252
17,254
8,3
9,4
11,3
12,5
15,3
15,5
9,5
18,1070
18,1696
13,3
13,4
19,11
19,108
19,251
19,256
19,336
19,640
18,2492
19,213
19,214
18,508
18,498
18,1384
18,1386
18,1387
18,1389
18,1390
18,1392
18,1394
18,1395
18,1483
18,1484
18,2485
18,2486
18,623
18,97
18,98
10,3
10,4
18,22
18,194
18,639
18,449
18,640
18,1147
18,2112
18,2368
18,2816
18,3136
18,4116
11,5
19,13
19,110
19,268
18,43
19,665
19,666
25,3
25,17
25,9
9,2
10,5
25,5
15,4
19,628
19,325
19,109
19,12
19,8
18,3329
18,2624
18,1984
18,641
18,448
18,263
18,4097
11,4
19,253
18,2487
18,2450
18,1482
18,1393
18,1391
18,1388
18,1385
18,499
18,579
18,2493
19,704
19,512
19,212
19,638
19,23
18,1071
18,3968
12,4
12,3
8,4
17,253
17,251
17,248
17,242
17,239
17,237
17,234
17,295
17,293
17,290
17,287
17,285
17,282
17,279
17,276
17,274
17,271
17,268
17,266
17,263
17,260
17,257
17,6
19,250
19,247
19,245
19,242
19,239
19,236
19,234
19,231
19,228
19,226
19,223
19,218
19,5
18,2185
18,2182
18,2179
18,2177
18,2109
18,2105
18,2078
18,2053
18,1906
18,1903
18,1901
18,1898
18,1895
18,1893
18,1890
18,1887
18,1884
18,1882
18,1879
18,1876
18,1874
18,1871
18,1868
18,1865
18,1863
18,1860
18,1857
18,1855
18,1852
18,1849
18,1847
18,1844
18,1841
18,1838
18,1836
18,1833
18,1830
18,1828
18,1825
18,1822
18,1806
18,1804
18,1801
18,1798
18,1796
18,1793
18,1790
18,1787
18,1785
18,1782
18,1779
18,1777
18,1774
18,1771
18,1769
18,1766
18,1763
18,1760
18,1758
18,1755
18,1752
18,1750
18,1747
18,1744
18,1741
18,1739
18,1736
18,1733
18,1731
18,1663
18,1660
18,1657
18,1655
18,1652
18,1649
18,1647
18,1644
18,1631
18,1628
18,1626
18,1623
18,1613
18,1611
18,1608
18,1605
18,1603
18,1600
18,1597
18,1594
18,1592
18,1589
18,1586
18,1584
18,1581
18,1578
18,1575
18,1573
18,1570
18,1567
18,1565
18,1561
18,1559
18,1558
18,1557
18,1556
18,1555
18,1554
18,1553
18,1552
18,1551
18,1550
18,1549
18,1548
18,1547
18,1546
18,1545
18,1544
18,1543
18,1542
18,1541
18,1540
18,1539
18,1538
18,1537
18,1536
18,1535
18,1534
18,1533
18,1532
18,1531
18,1523
18,1472
18,1338
18,1337
18,1336
18,1335
18,1334
18,1288
18,1287
18,630
18,629
18,42
18,40
18,27
18,5
17,323
17,321
17,317
17,308
17,299
17,296
17,154
17,153
17,152
17,151
17,150
17,149
17,148
17,147
17,146
17,145
17,131
17,130
7,3
55,7
55,8
57,2
57,3
57,5
0,48
0,49
0,47
0,6
0,46
0,45
57,4
57,1
55,6
55,4
55,1
50,3
48,6
48,4
48,1
33,2
19,683
19,680
19,678
19,675
19,672
19,669
19,117
19,20
19,16
19,3
18,4131
18,3713
18,2494
18,1664
18,1641
18,1615
18,1529
18,1526
18,1524
18,1520
18,1497
18,1466
18,1464
18,1461
18,1430
18,1428
18,1413
18,1410
18,1369
18,1367
18,1352
18,1349
18,1293
18,1291
18,1286
18,1283
3,44
3,43
3,42
3,41
3,40
3,39
3,38
3,37
3,36
3,35
3,34
3,33
3,32
3,31
3,30
3,29
3,28
3,27
3,26
3,25
3,24
3,23
3,22
3,21
3,20
3,19
3,18
3,17
3,16
3,15
3,14
3,13
3,12
3,11
3,10
3,9
3,8
3,7
3,6
3,5
3,4
3,3
3,2
3,0
2,44
2,43
2,42
2,41
2,40
2,39
2,38
2,37
2,36
2,35
2,34
2,33
2,32
2,31
2,30
2,29
2,28
2,27
2,26
2,25
2,24
2,23
2,22
2,21
2,20
2,19
2,18
2,17
2,16
2,15
2,14
2,13
2,12
2,11
2,10
2,9
2,8
2,7
2,6
2,5
2,4
2,3
2,2
2,0
1,45
1,44
1,43
1,42
1,41
1,40
1,39
1,38
1,37
1,36
1,35
1,34
1,33
1,32
1,31
1,30
1,29
1,28
1,27
1,26
1,25
1,24
1,23
1,22
1,21
1,20
1,19
1,18
1,17
1,16
1,15
1,14
1,13
1,12
1,11
1,10
1,9
1,8
1,7
1,6
1,5
1,4
1,3
1,2
1,0
0,53
0,50
0,12
0,11
0,10
0,9
0,8
0,2
0,0
0,5
0,7
0,4
0,3
57,0
55,0
50,0
48,0
33,0
